EDRD;N;20250819;26;110;110;0;0;0
1;20922;1;9100532434;1;;1778;;20;20;20;SIN VIA SV MZ 9                                                                                                                                                                                         ;S;;1;;;;;;;;;;;1;0;6;10;2018;;;;;;;;;;;;M;;;;;;;;;;;;;;;;;;;;;;;;;;;;;;;;;
1;20922;1;9100532445;1;;1778;;20;20;20;SIN VIA SIN VIA NRO 9                                                                                                                                                                                   ;S;;1;;;;;;;;;;;2;0;6;10;1999;;;;;;;;;;;;M;;;;;;;;;;;;;;;;;;;;;;;;;;;;;;;;;
1;20922;1;9100532481;1;;1778;;20;20;20;CALLE SAN MARTIN  NRO 404                                                                                                                                                                               ;S;;1;;;;;;;;;;;2;0;1;10;2015;;;;;;;;;;;;M;;;;;;;;;;;;;;;;;;;;;;;;;;;;;;;;;
1;20922;1;9100532526;1;;1778;;20;20;20;CALLE TACNA NRO 290                                                                                                                                                                                     ;S;;1;;;;;;;;;;;2;0;1;10;2019;;;;;;;;;;;;M;;;;;;;;;;;;;;;;;;;;;;;;;;;;;;;;;
1;20922;1;9100532553;1;;1778;;20;20;20;SIN VIA MERCADO CENTRAL DE TAMBOGRANDE MODELO SECCION JUGUERIAS NRO 32 33                                                                                                                               ;S;;1;;;;;;;;;;;1;0;6;10;2020;;;;;;;;;;;;M;;;;;;;;;;;;;;;;;;;;;;;;;;;;;;;;;
1;20922;1;9100532682;1;;1778;;20;20;20;CALLE PROGRESO NRO 127                                                                                                                                                                                  ;S;;1;;;;;;;;;;;1;0;1;10;2010;;;;;;;;;;;;M;;;;;;;;;;;;;;;;;;;;;;;;;;;;;;;;;
1;20922;1;9100532691;1;;1778;;22;22;22;JIRON JEHOVA NRO SN                                                                                                                                                                                     ;S;;1;;;;;;;;;;;1;0;6;10;2014;;;;;;;;;;;;M;;;;;;;;;;;;;;;;;;;;;;;;;;;;;;;;;
1;20922;1;9100532716;1;;1778;;20;20;20;SIN VIA SV MZ J3                                                                                                                                                                                        ;S;;1;;;;;;;;;;;1;0;6;10;2005;;;;;;;;;;;;M;;;;;;;;;;;;;;;;;;;;;;;;;;;;;;;;;
1;20922;1;9100532726;1;;1778;;20;20;20;SIN VIA SN MZ C                                                                                                                                                                                         ;S;;1;;;;;;;;;;;1;0;6;10;1990;;;;;;;;;;;;M;;;;;;;;;;;;;;;;;;;;;;;;;;;;;;;;;
1;20922;1;9100532739;1;;1778;;20;20;20;SIN VIA SV MZ G                                                                                                                                                                                         ;S;;1;;;;;;;;;;;1;0;6;10;2020;;;;;;;;;;;;M;;;;;;;;;;;;;;;;;;;;;;;;;;;;;;;;;
1;20922;1;9100532758;1;;1778;;20;20;20;CALLE ALAN GARCIA NRO 812                                                                                                                                                                               ;S;;1;;;;;;;;;;;1;0;1;10;2010;;;;;;;;;;;;M;;;;;;;;;;;;;;;;;;;;;;;;;;;;;;;;;
1;20922;1;9100532762;1;;1778;;22;22;22;JIRON ABELARDO SHAPIAMA CASA SN                                                                                                                                                                         ;S;;1;;;;;;;;;;;1;0;6;10;2015;;;;;;;;;;;;M;;;;;;;;;;;;;;;;;;;;;;;;;;;;;;;;;
1;20922;1;9100532773;1;;1778;;16;16;16;CALLE TEXAS MZ 03                                                                                                                                                                                       ;S;;1;;;;;;;;;;;1;0;6;10;2015;;;;;;;;;;;;M;;;;;;;;;;;;;;;;;;;;;;;;;;;;;;;;;
1;20922;1;9100532789;1;;1778;;20;20;20;CALLE COMERCIO MZ 55                                                                                                                                                                                    ;S;;1;;;;;;;;;;;2;0;1;10;2018;;;;;;;;;;;;M;;;;;;;;;;;;;;;;;;;;;;;;;;;;;;;;;
1;20922;1;9100532798;1;;1778;;22;22;22;JIRON IMPERIO NRO 688                                                                                                                                                                                   ;S;;1;;;;;;;;;;;3;0;6;10;2000;;;;;;;;;;;;M;;;;;;;;;;;;;;;;;;;;;;;;;;;;;;;;;
1;20922;1;9100532816;1;;1778;;20;20;20;CALLE HUANCAVELICA NRO 513                                                                                                                                                                              ;S;;1;;;;;;;;;;;1;0;6;10;1961;;;;;;;;;;;;M;;;;;;;;;;;;;;;;;;;;;;;;;;;;;;;;;
1;20922;1;9100532830;1;;1778;;22;22;22;JIRON JOSE OLAYA NRO SN                                                                                                                                                                                 ;S;;1;;;;;;;;;;;1;0;6;10;2010;;;;;;;;;;;;M;;;;;;;;;;;;;;;;;;;;;;;;;;;;;;;;;
1;20922;1;9100532872;1;;1778;;22;22;22;JIRON UCAYALI NRO SN                                                                                                                                                                                    ;S;;1;;;;;;;;;;;1;0;6;10;2015;;;;;;;;;;;;M;;;;;;;;;;;;;;;;;;;;;;;;;;;;;;;;;
1;20922;1;9100532875;1;;1778;;20;20;20;SIN VIA SV MZ F2 LT 26                                                                                                                                                                                  ;S;;1;;;;;;;;;;;2;0;6;10;2005;;;;;;;;;;;;M;;;;;;;;;;;;;;;;;;;;;;;;;;;;;;;;;
1;20922;1;9100532877;1;;1778;;20;20;20;SIN VIA SIN VIA MZ F4                                                                                                                                                                                   ;S;;1;;;;;;;;;;;1;0;1;10;2010;;;;;;;;;;;;M;;;;;;;;;;;;;;;;;;;;;;;;;;;;;;;;;
1;20922;1;9100532926;1;;1778;;22;22;22;JIRON LIMA NRO 711                                                                                                                                                                                      ;S;;1;;;;;;;;;;;1;0;6;10;2010;;;;;;;;;;;;M;;;;;;;;;;;;;;;;;;;;;;;;;;;;;;;;;
1;20922;1;9100532945;1;;1778;;14;14;14;CALLE TARAPACA NRO 446                                                                                                                                                                                  ;S;;1;;;;;;;;;;;1;0;6;10;1995;;;;;;;;;;;;M;;;;;;;;;;;;;;;;;;;;;;;;;;;;;;;;;
1;20922;1;9100532949;1;;1778;;16;16;16;CALLE 106 NRO 106                                                                                                                                                                                       ;S;;1;;;;;;;;;;;1;1;6;10;2020;;;;;;;;;;;;M;;;;;;;;;;;;;;;;;;;;;;;;;;;;;;;;;
1;20922;1;9100532959;1;;1778;;20;20;20;SIN VIA SIN VIA MZ D                                                                                                                                                                                    ;S;;1;;;;;;;;;;;1;0;6;10;2002;;;;;;;;;;;;M;;;;;;;;;;;;;;;;;;;;;;;;;;;;;;;;;
1;20922;1;9100533046;1;;1778;;22;22;22;JIRON GRAU NRO 509                                                                                                                                                                                      ;S;;1;;;;;;;;;;;1;0;6;10;2020;;;;;;;;;;;;M;;;;;;;;;;;;;;;;;;;;;;;;;;;;;;;;;
1;20922;1;9100533055;1;;1778;;20;20;20;CALLE SAN MARTIN NRO SN                                                                                                                                                                                 ;S;;1;;;;;;;;;;;1;0;6;10;2020;;;;;;;;;;;;M;;;;;;;;;;;;;;;;;;;;;;;;;;;;;;;;;
1;20922;1;9100533156;1;;1778;;20;20;20;SIN VIA SN MZ SN                                                                                                                                                                                        ;S;;1;;;;;;;;;;;1;0;6;10;2010;;;;;;;;;;;;M;;;;;;;;;;;;;;;;;;;;;;;;;;;;;;;;;
1;20922;1;9100533183;1;;1778;;22;22;22;JIRON IQUITOS NRO 730                                                                                                                                                                                   ;S;;1;;;;;;;;;;;3;0;6;10;2010;;;;;;;;;;;;M;;;;;;;;;;;;;;;;;;;;;;;;;;;;;;;;;
1;20922;1;9100533250;1;;1778;;20;20;20;SIN VIA SV MZ J1                                                                                                                                                                                        ;S;;1;;;;;;;;;;;2;0;6;10;2018;;;;;;;;;;;;M;;;;;;;;;;;;;;;;;;;;;;;;;;;;;;;;;
1;20922;1;9100533262;1;;1778;;20;20;20;SIN VIA 11 MZ 11                                                                                                                                                                                        ;S;;1;;;;;;;;;;;1;0;1;10;2020;;;;;;;;;;;;M;;;;;;;;;;;;;;;;;;;;;;;;;;;;;;;;;
1;20922;1;9100533290;1;;1778;;16;16;16;CALLE TARAPOTO NRO 119                                                                                                                                                                                  ;S;;1;;;;;;;;;;;1;0;1;10;2015;;;;;;;;;;;;M;;;;;;;;;;;;;;;;;;;;;;;;;;;;;;;;;
1;20922;1;9100533299;1;;1778;;22;22;22;SIN VIA CASERIO YACUSISA NRO SN                                                                                                                                                                         ;S;;1;;;;;;;;;;;2;0;6;10;2022;;;;;;;;;;;;M;;;;;;;;;;;;;;;;;;;;;;;;;;;;;;;;;
1;20922;1;9100533340;1;;1778;;20;20;20;SIN VIA SIN NOMBRE MZ A                                                                                                                                                                                 ;S;;1;;;;;;;;;;;1;0;6;10;2020;;;;;;;;;;;;M;;;;;;;;;;;;;;;;;;;;;;;;;;;;;;;;;
1;20922;1;9100533351;1;;1778;;22;22;22;JIRON ALONSO DE ALVARADO  NRO 335                                                                                                                                                                       ;S;;1;;;;;;;;;;;1;0;1;10;2017;;;;;;;;;;;;M;;;;;;;;;;;;;;;;;;;;;;;;;;;;;;;;;
1;20922;1;9100533386;1;;1778;;22;22;22;SIN VIA PROLONGACIÓN PROGRESO NRO 364                                                                                                                                                                   ;S;;1;;;;;;;;;;;2;0;6;10;2018;;;;;;;;;;;;M;;;;;;;;;;;;;;;;;;;;;;;;;;;;;;;;;
1;20922;1;9100533389;1;;1778;;20;20;20;SIN VIA SV MZ 13                                                                                                                                                                                        ;S;;1;;;;;;;;;;;1;0;6;10;2002;;;;;;;;;;;;M;;;;;;;;;;;;;;;;;;;;;;;;;;;;;;;;;
1;20922;1;9100533396;1;;1778;;20;20;20;SIN VIA SV MZ B                                                                                                                                                                                         ;S;;1;;;;;;;;;;;1;0;6;10;2005;;;;;;;;;;;;M;;;;;;;;;;;;;;;;;;;;;;;;;;;;;;;;;
1;20922;1;9104211171;1;;1778;;20;20;20;SIN VIA SN CASA LOTE12                                                                                                                                                                                  ;S;;1;;;;;;;;;;;1;1;6;10;2015;;;;;;;;;;;;M;;;;;;;;;;;;;;;;;;;;;;;;;;;;;;;;;
1;20922;1;9100533559;1;;1778;;22;22;22;SIN VIA CASERIO AGUA AZUL NRO SN                                                                                                                                                                        ;S;;1;;;;;;;;;;;1;0;6;10;2017;;;;;;;;;;;;M;;;;;;;;;;;;;;;;;;;;;;;;;;;;;;;;;
1;20922;1;9100534244;1;;1778;;22;22;22;JIRON ARICA NRO 610                                                                                                                                                                                     ;S;;1;;;;;;;;;;;1;0;6;10;2015;;;;;;;;;;;;M;;;;;;;;;;;;;;;;;;;;;;;;;;;;;;;;;
1;20922;1;9100534293;1;;1778;;20;20;20;CALLE 11 NRO 11                                                                                                                                                                                         ;S;;1;;;;;;;;;;;1;0;6;10;2020;;;;;;;;;;;;M;;;;;;;;;;;;;;;;;;;;;;;;;;;;;;;;;
1;20922;1;9100534584;1;;1778;;22;22;22;JIRON 28 MZ 28                                                                                                                                                                                          ;S;;1;;;;;;;;;;;1;0;6;10;2018;;;;;;;;;;;;M;;;;;;;;;;;;;;;;;;;;;;;;;;;;;;;;;
1;20922;1;9104211108;1;;1778;;20;20;20;SIN VIA NINGUNA  MZ G                                                                                                                                                                                   ;S;;1;;;;;;;;;;;1;0;6;10;2019;;;;;;;;;;;;M;;;;;;;;;;;;;;;;;;;;;;;;;;;;;;;;;
1;20922;1;9100534444;1;;1778;;20;20;20;SIN VIA SV MZ 27                                                                                                                                                                                        ;S;;1;;;;;;;;;;;1;0;6;10;2020;;;;;;;;;;;;M;;;;;;;;;;;;;;;;;;;;;;;;;;;;;;;;;
1;20922;1;9100534289;1;;1778;;22;22;22;JIRON MOYOBAMBA NRO SN                                                                                                                                                                                  ;S;;1;;;;;;;;;;;3;0;1;10;2017;;;;;;;;;;;;M;;;;;;;;;;;;;;;;;;;;;;;;;;;;;;;;;
1;20922;1;9100534106;1;;1778;;22;22;22;JIRON MOYOBAMBA  NRO SN                                                                                                                                                                                 ;S;;1;;;;;;;;;;;3;0;1;10;2017;;;;;;;;;;;;M;;;;;;;;;;;;;;;;;;;;;;;;;;;;;;;;;
1;20922;1;9100534481;1;;1778;;22;22;22;JIRON ANGAIZA  NRO SNC11                                                                                                                                                                                ;S;;1;;;;;;;;;;;2;0;6;10;2022;;;;;;;;;;;;M;;;;;;;;;;;;;;;;;;;;;;;;;;;;;;;;;
1;20922;1;9100534559;1;;1778;;20;20;20;CALLE SN MZ 138                                                                                                                                                                                         ;S;;1;;;;;;;;;;;1;0;6;10;2020;;;;;;;;;;;;M;;;;;;;;;;;;;;;;;;;;;;;;;;;;;;;;;
1;20922;1;9100533692;1;;1778;;20;20;20;CALLE COMERCIO MZ R                                                                                                                                                                                     ;S;;1;;;;;;;;;;;2;0;6;10;2020;;;;;;;;;;;;M;;;;;;;;;;;;;;;;;;;;;;;;;;;;;;;;;
1;20922;1;9100534653;1;;1778;;16;16;16;CALLE 517 NRO 517                                                                                                                                                                                       ;S;;1;;;;;;;;;;;1;0;6;10;2015;;;;;;;;;;;;M;;;;;;;;;;;;;;;;;;;;;;;;;;;;;;;;;
1;20922;1;9100534316;1;;1778;;22;22;22;JIRON ZENON SANCHEZ NRO 223                                                                                                                                                                             ;S;;1;;;;;;;;;;;1;0;6;10;2010;;;;;;;;;;;;M;;;;;;;;;;;;;;;;;;;;;;;;;;;;;;;;;
1;20922;1;9100533517;1;;1778;;22;22;22;SIN VIA CASERIO MIRAFLORES  NRO SN                                                                                                                                                                      ;S;;1;;;;;;;;;;;1;0;6;10;2010;;;;;;;;;;;;M;;;;;;;;;;;;;;;;;;;;;;;;;;;;;;;;;
1;20922;1;9100534168;1;;1778;;16;16;16;CALLE JUAN IBARRA NRO 206                                                                                                                                                                               ;S;;1;;;;;;;;;;;1;0;6;10;2024;;;;;;;;;;;;M;;;;;;;;;;;;;;;;;;;;;;;;;;;;;;;;;
1;20922;1;9100533604;1;;1778;;22;22;22;AVENIDA PARDO MIGUEL NRO 921A                                                                                                                                                                           ;S;;1;;;;;;;;;;;1;0;6;10;2015;;;;;;;;;;;;M;;;;;;;;;;;;;;;;;;;;;;;;;;;;;;;;;
1;20922;1;9100534585;1;;1778;;20;20;20;CALLE 8 NRO 8                                                                                                                                                                                           ;S;;1;;;;;;;;;;;2;0;6;10;2010;;;;;;;;;;;;M;;;;;;;;;;;;;;;;;;;;;;;;;;;;;;;;;
1;20922;1;9100533407;1;;1778;;20;20;20;CALLE 220 NRO 220                                                                                                                                                                                       ;S;;1;;;;;;;;;;;1;0;1;10;2010;;;;;;;;;;;;M;;;;;;;;;;;;;;;;;;;;;;;;;;;;;;;;;
1;20922;1;9100534627;1;;1778;;20;20;20;CALLEJON INTERIOR MERCADO LA UNION  NRO SN                                                                                                                                                              ;S;;1;;;;;;;;;;;1;0;6;10;2015;;;;;;;;;;;;M;;;;;;;;;;;;;;;;;;;;;;;;;;;;;;;;;
1;20922;1;9100534176;1;;1778;;20;20;20;SIN VIA SV MZ A                                                                                                                                                                                         ;S;;1;;;;;;;;;;;1;0;6;10;2010;;;;;;;;;;;;M;;;;;;;;;;;;;;;;;;;;;;;;;;;;;;;;;
1;20922;1;9100533891;1;;1778;;16;16;16;AVENIDA SAN ANOTIO NRO 1552                                                                                                                                                                             ;S;;1;;;;;;;;;;;1;1;1;10;2020;;;;;;;;;;;;M;;;;;;;;;;;;;;;;;;;;;;;;;;;;;;;;;
1;20922;1;9100534032;1;;1778;;22;22;22;JIRON RIOJA  NRO SN                                                                                                                                                                                     ;S;;1;;;;;;;;;;;1;0;6;10;2010;;;;;;;;;;;;M;;;;;;;;;;;;;;;;;;;;;;;;;;;;;;;;;
1;20922;1;9100533967;1;;1778;;16;16;16;CALLE VEINTIOCHO DE JULIO MZ 37                                                                                                                                                                         ;S;;1;;;;;;;;;;;1;1;6;10;2010;;;;;;;;;;;;M;;;;;;;;;;;;;;;;;;;;;;;;;;;;;;;;;
1;20922;1;9104211028;1;;1778;;20;20;20;SIN VIA B MZ B                                                                                                                                                                                          ;S;;1;;;;;;;;;;;2;0;6;10;2015;;;;;;;;;;;;M;;;;;;;;;;;;;;;;;;;;;;;;;;;;;;;;;
1;20922;1;9100533841;1;;1778;;16;16;16;CALLE 28 DE JULIO MZ 38                                                                                                                                                                                 ;S;;1;;;;;;;;;;;1;0;6;10;2018;;;;;;;;;;;;M;;;;;;;;;;;;;;;;;;;;;;;;;;;;;;;;;
1;20922;1;9100534335;1;;1778;;22;22;22;JIRON SIAMBILLO NRO SN                                                                                                                                                                                  ;S;;1;;;;;;;;;;;1;0;6;10;2022;;;;;;;;;;;;M;;;;;;;;;;;;;;;;;;;;;;;;;;;;;;;;;
1;20922;1;9104211063;1;;1778;;20;20;20;SIN VIA SN CASA SN                                                                                                                                                                                      ;S;;1;;;;;;;;;;;1;0;6;10;2010;;;;;;;;;;;;M;;;;;;;;;;;;;;;;;;;;;;;;;;;;;;;;;
1;20922;1;9104211209;1;;1778;;16;16;16;AVENIDA LIBERTAD MZ B                                                                                                                                                                                   ;S;;1;;;;;;;;;;;1;0;6;10;2010;;;;;;;;;;;;M;;;;;;;;;;;;;;;;;;;;;;;;;;;;;;;;;
1;20922;1;9100534484;1;;1778;;20;20;20;JIRON 102 MZ 102                                                                                                                                                                                        ;S;;1;;;;;;;;;;;1;0;6;10;2005;;;;;;;;;;;;M;;;;;;;;;;;;;;;;;;;;;;;;;;;;;;;;;
1;20922;1;9100534280;1;;1778;;20;20;20;SIN VIA SIN VIA MZ O                                                                                                                                                                                    ;S;;1;;;;;;;;;;;1;0;6;10;2018;;;;;;;;;;;;M;;;;;;;;;;;;;;;;;;;;;;;;;;;;;;;;;
1;20922;1;9104211238;1;;1778;;22;22;22;JIRON AGRICULTURA MZ 50                                                                                                                                                                                 ;S;;1;;;;;;;;;;;1;0;6;10;2010;;;;;;;;;;;;M;;;;;;;;;;;;;;;;;;;;;;;;;;;;;;;;;
1;20922;1;9104211155;1;;1778;;20;20;20;SIN VIA SIN VIA MZ ALOTE30                                                                                                                                                                              ;S;;1;;;;;;;;;;;1;0;6;10;2015;;;;;;;;;;;;M;;;;;;;;;;;;;;;;;;;;;;;;;;;;;;;;;
1;20922;1;9100534648;1;;1778;;20;20;20;SIN VIA A8 MZ A8                                                                                                                                                                                        ;S;;1;;;;;;;;;;;1;0;1;10;2014;;;;;;;;;;;;M;;;;;;;;;;;;;;;;;;;;;;;;;;;;;;;;;
1;20922;1;9104211145;1;;1778;;16;16;16;CALLE SONIA ISABEL MZ 4                                                                                                                                                                                 ;S;;1;;;;;;;;;;;1;0;6;10;2015;;;;;;;;;;;;M;;;;;;;;;;;;;;;;;;;;;;;;;;;;;;;;;
1;20922;1;9104211229;1;;1778;;16;16;16;CALLE 1 CASA 1                                                                                                                                                                                          ;S;;1;;;;;;;;;;;1;0;6;10;2018;;;;;;;;;;;;M;;;;;;;;;;;;;;;;;;;;;;;;;;;;;;;;;
1;20922;1;9100534139;1;;1778;;22;22;22;JIRON LA DIVISORIA NRO SN                                                                                                                                                                               ;S;;1;;;;;;;;;;;2;0;1;10;2010;;;;;;;;;;;;M;;;;;;;;;;;;;;;;;;;;;;;;;;;;;;;;;
1;20922;1;9100534612;1;;1778;;20;20;20;CALLE PUNO MERCADILLO BELLAVISTA CASA SN                                                                                                                                                                ;S;;1;;;;;;;;;;;1;0;6;10;2020;;;;;;;;;;;;M;;;;;;;;;;;;;;;;;;;;;;;;;;;;;;;;;
1;20922;1;9104211217;1;;1778;;22;22;22;JIRON JAEN NRO SN                                                                                                                                                                                       ;S;;1;;;;;;;;;;;1;0;6;10;2010;;;;;;;;;;;;M;;;;;;;;;;;;;;;;;;;;;;;;;;;;;;;;;
1;20922;1;9100533478;1;;1778;;22;22;22;JIRON CALLAO  NRO SN                                                                                                                                                                                    ;S;;1;;;;;;;;;;;1;0;6;10;2015;;;;;;;;;;;;M;;;;;;;;;;;;;;;;;;;;;;;;;;;;;;;;;
1;20922;1;9100534691;1;;1778;;22;22;22;JIRON VENCEDORES DE COMAINAS NRO 411                                                                                                                                                                    ;S;;1;;;;;;;;;;;1;0;6;10;2020;;;;;;;;;;;;M;;;;;;;;;;;;;;;;;;;;;;;;;;;;;;;;;
1;20922;1;9104211046;1;;1778;;22;22;22;CARRETERA VILLAPRADO NRO SN                                                                                                                                                                             ;S;;1;;;;;;;;;;;1;0;6;10;2015;;;;;;;;;;;;M;;;;;;;;;;;;;;;;;;;;;;;;;;;;;;;;;
1;20922;1;9100533582;1;;1778;;20;20;20;SIN VIA SV MZ B                                                                                                                                                                                         ;S;;1;;;;;;;;;;;1;0;6;10;2000;;;;;;;;;;;;M;;;;;;;;;;;;;;;;;;;;;;;;;;;;;;;;;
1;21004;1;9104211151;1;;1779;;22;22;22;JIRON AMAZONAS NRO SN                                                                                                                                                                                   ;S;;1;;;;;;;;;;;1;0;6;10;2015;;;;;;;;;;;;M;;;;;;;;;;;;;;;;;;;;;;;;;;;;;;;;;
1;20922;1;9104211207;1;;1778;;22;22;22;JIRON LOS CLAVELES NRO SN                                                                                                                                                                               ;S;;1;;;;;;;;;;;1;0;6;10;2010;;;;;;;;;;;;M;;;;;;;;;;;;;;;;;;;;;;;;;;;;;;;;;
1;20922;1;9100533943;1;;1778;;02;02;02;JIRON LIBERTADORES NRO 693                                                                                                                                                                              ;S;;1;;;;;;;;;;;1;0;1;10;2010;;;;;;;;;;;;M;;;;;;;;;;;;;;;;;;;;;;;;;;;;;;;;;
1;20922;1;9100534109;1;;1778;;22;22;22;CALLE PUNO NRO SN                                                                                                                                                                                       ;S;;1;;;;;;;;;;;1;0;6;10;2014;;;;;;;;;;;;M;;;;;;;;;;;;;;;;;;;;;;;;;;;;;;;;;
1;20922;1;9100534339;1;;1778;;20;20;20;CARRETERA PANAMERICANA KM 5                                                                                                                                                                             ;S;;1;;;;;;;;;;;1;0;6;10;2002;;;;;;;;;;;;M;;;;;;;;;;;;;;;;;;;;;;;;;;;;;;;;;
1;20922;1;9100534553;1;;1778;;22;22;22;JIRON INTEGRACION NRO SN                                                                                                                                                                                ;S;;1;;;;;;;;;;;1;0;1;10;2024;;;;;;;;;;;;M;;;;;;;;;;;;;;;;;;;;;;;;;;;;;;;;;
1;20922;1;9100534709;1;;1778;;20;20;20;PASAJE TALARA NRO 800                                                                                                                                                                                   ;S;;1;;;;;;;;;;;2;0;1;10;2000;;;;;;;;;;;;M;;;;;;;;;;;;;;;;;;;;;;;;;;;;;;;;;
1;20922;1;9100533605;1;;1778;;20;20;20;SIN VIA SECTOR LOURDES CASER. SOMATE BAJO NRO SN                                                                                                                                                        ;S;;1;;;;;;;;;;;1;0;6;10;2020;;;;;;;;;;;;M;;;;;;;;;;;;;;;;;;;;;;;;;;;;;;;;;
1;20922;1;9104211100;1;;1778;;20;20;20;CALLE RAMON CASTILLA NRO 210                                                                                                                                                                            ;S;;1;;;;;;;;;;;1;0;1;10;2000;;;;;;;;;;;;M;;;;;;;;;;;;;;;;;;;;;;;;;;;;;;;;;
1;20922;1;9100534514;1;;1778;;20;20;20;CALLE 141 NRO 141                                                                                                                                                                                       ;S;;1;;;;;;;;;;;1;0;6;10;2000;;;;;;;;;;;;M;;;;;;;;;;;;;;;;;;;;;;;;;;;;;;;;;
1;20922;1;9100533641;1;;1778;;20;20;20;CALLE AGUIRRE NRO 689                                                                                                                                                                                   ;S;;1;;;;;;;;;;;1;0;6;10;2024;;;;;;;;;;;;M;;;;;;;;;;;;;;;;;;;;;;;;;;;;;;;;;
1;20922;1;9100533920;1;;1778;;22;22;22;CARRETERA FERNANDO BELAUNDE TERRY  NRO SN                                                                                                                                                               ;S;;1;;;;;;;;;;;1;0;1;10;2010;;;;;;;;;;;;M;;;;;;;;;;;;;;;;;;;;;;;;;;;;;;;;;
1;20922;1;9100533843;1;;1778;;20;20;20;SIN VIA SN MZ S LT 21                                                                                                                                                                                   ;S;;1;;;;;;;;;;;1;0;6;10;2010;;;;;;;;;;;;M;;;;;;;;;;;;;;;;;;;;;;;;;;;;;;;;;
1;20922;1;9104211224;1;;1778;;20;20;20;CALLE SANTA MONICA NRO 345                                                                                                                                                                              ;S;;1;;;;;;;;;;;1;0;6;10;2010;;;;;;;;;;;;M;;;;;;;;;;;;;;;;;;;;;;;;;;;;;;;;;
1;20922;1;9100533929;1;;1778;;20;20;20;SIN VIA SIN VIA  CASA B8LOTE27                                                                                                                                                                          ;S;;1;;;;;;;;;;;1;0;6;10;2000;;;;;;;;;;;;M;;;;;;;;;;;;;;;;;;;;;;;;;;;;;;;;;
1;20922;1;9100533594;1;;1778;;02;02;02;CARRETERA CHURAP NRO SN                                                                                                                                                                                 ;S;;1;;;;;;;;;;;1;0;6;10;2005;;;;;;;;;;;;M;;;;;;;;;;;;;;;;;;;;;;;;;;;;;;;;;
1;20922;1;9100533593;1;;1778;;22;22;22;AVENIDA MARGINAL NRO SN                                                                                                                                                                                 ;S;;1;;;;;;;;;;;2;0;6;10;2019;;;;;;;;;;;;M;;;;;;;;;;;;;;;;;;;;;;;;;;;;;;;;;
1;20922;1;9100534493;1;;1778;;22;22;22;JIRON LETICIA NRO CUADRA 12                                                                                                                                                                             ;S;;1;;;;;;;;;;;1;0;6;10;2020;;;;;;;;;;;;M;;;;;;;;;;;;;;;;;;;;;;;;;;;;;;;;;
1;20922;1;9100534573;1;;1778;;22;22;22;AVENIDA CAJAMARCA SUR NRO SN                                                                                                                                                                            ;S;;1;;;;;;;;;;;1;0;6;10;2010;;;;;;;;;;;;M;;;;;;;;;;;;;;;;;;;;;;;;;;;;;;;;;
1;20922;1;9100533527;1;;1778;;25;25;25;PASAJE 41 MZ F7                                                                                                                                                                                         ;S;;1;;;;;;;;;;;1;0;1;10;2015;;;;;;;;;;;;M;;;;;;;;;;;;;;;;;;;;;;;;;;;;;;;;;
1;20922;1;9100533780;1;;1778;;20;20;20;CALLE MARIANO MELGAR MZ G12                                                                                                                                                                             ;S;;1;;;;;;;;;;;2;0;1;10;2020;;;;;;;;;;;;M;;;;;;;;;;;;;;;;;;;;;;;;;;;;;;;;;
1;20922;1;9100534120;1;;1778;;20;20;20;CALLE JUAN VELASCO ALVARADO NRO 314                                                                                                                                                                     ;S;;1;;;;;;;;;;;1;0;6;10;2010;;;;;;;;;;;;M;;;;;;;;;;;;;;;;;;;;;;;;;;;;;;;;;
1;20922;1;9100534378;1;;1778;;20;20;20;SIN VIA NINGUNA  MZ Q                                                                                                                                                                                   ;S;;1;;;;;;;;;;;1;0;6;10;2015;;;;;;;;;;;;M;;;;;;;;;;;;;;;;;;;;;;;;;;;;;;;;;
1;20922;1;9100534457;1;;1778;;20;20;20;SIN VIA SIN VIA  MZ E1                                                                                                                                                                                  ;S;;1;;;;;;;;;;;1;0;6;10;2023;;;;;;;;;;;;M;;;;;;;;;;;;;;;;;;;;;;;;;;;;;;;;;
1;20922;1;9100534541;1;;1778;;16;16;16;CALLE SAN ANTONIO CASA SN                                                                                                                                                                               ;S;;1;;;;;;;;;;;1;0;6;10;2000;;;;;;;;;;;;M;;;;;;;;;;;;;;;;;;;;;;;;;;;;;;;;;
1;20922;1;9100534634;1;;1778;;16;16;16;CALLE SAN ANTONIO CASA SN                                                                                                                                                                               ;S;;1;;;;;;;;;;;1;0;6;10;2000;;;;;;;;;;;;M;;;;;;;;;;;;;;;;;;;;;;;;;;;;;;;;;
1;20922;1;9100534582;1;;1778;;20;20;20;SIN VIA PLATAFORMA MERCADILLO- SULLANA  NRO SN                                                                                                                                                          ;S;;1;;;;;;;;;;;1;0;6;10;2023;;;;;;;;;;;;M;;;;;;;;;;;;;;;;;;;;;;;;;;;;;;;;;
1;20922;1;9104211065;1;;1778;;20;20;20;SIN VIA LA LIMONERA  NRO SN                                                                                                                                                                             ;S;;1;;;;;;;;;;;1;0;6;10;2023;;;;;;;;;;;;M;;;;;;;;;;;;;;;;;;;;;;;;;;;;;;;;;
1;20922;1;9104211213;1;;1778;;22;22;22;CARRETERA RUMIYACU NRO SN                                                                                                                                                                               ;S;;1;;;;;;;;;;;1;0;6;10;2024;;;;;;;;;;;;M;;;;;;;;;;;;;;;;;;;;;;;;;;;;;;;;;
1;21004;1;9104211136;1;;1779;;22;22;22;JIRON RIOJA NRO SN                                                                                                                                                                                      ;S;;1;;;;;;;;;;;1;0;6;10;2012;;;;;;;;;;;;M;;;;;;;;;;;;;;;;;;;;;;;;;;;;;;;;;
